1 0 0 1
4 1 1 1
14 0 0 3
14 3 2 2
12 3 2 1
1 1 2 1
11 1 0 0
3 0 2 1
14 2 2 0
9 0 2 0
1 0 2 0
11 0 1 1
3 1 2 3
1 1 0 0
4 0 1 0
14 1 1 1
14 2 0 2
3 0 2 2
1 2 1 2
11 2 3 3
3 3 2 0
14 1 3 3
14 3 1 1
14 3 0 2
4 3 1 3
1 3 3 3
11 3 0 0
14 2 0 2
14 0 0 3
7 3 2 3
1 3 2 3
11 3 0 0
3 0 3 3
14 2 3 0
14 3 0 2
14 0 1 1
14 2 1 1
1 1 3 1
1 1 2 1
11 1 3 3
3 3 2 1
1 3 0 2
4 2 0 2
14 2 2 3
5 0 3 3
1 3 3 3
11 3 1 1
3 1 0 0
14 2 1 2
14 3 2 1
14 2 0 3
0 1 3 3
1 3 2 3
11 0 3 0
3 0 0 2
14 1 3 3
14 3 3 0
4 3 1 0
1 0 2 0
1 0 2 0
11 2 0 2
14 0 1 0
1 0 0 1
4 1 1 1
1 1 0 3
4 3 2 3
13 1 3 3
1 3 2 3
11 2 3 2
14 3 3 1
1 1 0 3
4 3 2 3
14 2 1 0
14 3 0 1
1 1 3 1
11 1 2 2
3 2 2 0
14 3 3 2
14 2 3 1
14 1 0 3
1 3 2 1
1 1 1 1
11 0 1 0
14 2 3 2
14 2 3 3
14 0 3 1
2 2 3 2
1 2 1 2
1 2 1 2
11 0 2 0
3 0 1 1
1 2 0 2
4 2 0 2
14 2 3 0
14 3 2 3
0 3 0 2
1 2 1 2
11 2 1 1
3 1 1 0
14 0 1 1
14 3 3 2
1 1 0 3
4 3 1 3
4 3 1 1
1 1 1 1
11 1 0 0
3 0 3 1
14 2 0 3
14 0 1 2
14 2 2 0
5 0 3 0
1 0 2 0
11 0 1 1
3 1 0 3
14 2 1 0
14 3 2 2
1 1 0 1
4 1 2 1
9 0 2 0
1 0 1 0
1 0 2 0
11 0 3 3
3 3 0 1
14 2 1 3
14 0 2 2
1 3 0 0
4 0 2 0
12 2 3 2
1 2 2 2
11 2 1 1
14 3 2 2
14 0 0 3
9 0 2 3
1 3 3 3
1 3 2 3
11 1 3 1
3 1 1 2
14 1 2 3
14 2 1 1
14 3 0 0
0 0 1 3
1 3 1 3
11 3 2 2
14 1 3 3
14 2 0 0
15 0 3 1
1 1 3 1
11 1 2 2
1 0 0 1
4 1 3 1
14 2 2 3
6 0 1 1
1 1 3 1
11 2 1 2
3 2 0 1
14 2 0 2
14 1 3 0
2 2 3 3
1 3 3 3
11 3 1 1
14 1 3 3
14 2 1 0
1 1 0 2
4 2 3 2
15 0 3 0
1 0 3 0
1 0 2 0
11 0 1 1
14 3 0 0
1 3 0 3
4 3 0 3
12 3 2 3
1 3 3 3
1 3 2 3
11 3 1 1
14 2 1 0
1 1 0 3
4 3 3 3
1 2 0 2
4 2 1 2
0 3 0 0
1 0 3 0
11 0 1 1
14 2 1 0
14 2 1 3
5 0 3 3
1 3 3 3
1 3 3 3
11 1 3 1
14 2 3 3
14 0 0 2
14 3 0 0
12 2 3 0
1 0 3 0
11 0 1 1
3 1 2 2
14 3 1 3
14 3 1 1
1 1 0 0
4 0 2 0
6 0 1 1
1 1 2 1
11 1 2 2
3 2 0 1
14 2 0 3
1 3 0 0
4 0 1 0
14 0 2 2
11 0 0 3
1 3 1 3
11 3 1 1
3 1 1 2
1 1 0 0
4 0 2 0
14 3 0 3
14 0 2 1
14 1 3 1
1 1 2 1
1 1 2 1
11 1 2 2
3 2 3 0
14 3 0 2
14 1 2 1
14 1 2 3
11 3 3 2
1 2 3 2
11 0 2 0
3 0 0 1
14 1 1 2
14 2 0 0
13 3 0 3
1 3 3 3
11 3 1 1
3 1 0 3
14 3 2 1
14 1 2 0
14 3 3 2
4 0 1 1
1 1 2 1
11 3 1 3
3 3 0 1
14 2 0 0
14 0 3 3
8 0 2 0
1 0 1 0
11 1 0 1
3 1 2 2
14 3 0 3
14 2 1 1
14 2 2 0
0 3 0 0
1 0 3 0
11 0 2 2
3 2 2 3
14 3 3 0
14 2 0 2
6 2 0 2
1 2 1 2
11 2 3 3
3 3 0 0
14 0 2 2
1 1 0 3
4 3 0 3
14 3 2 1
10 1 2 2
1 2 1 2
11 2 0 0
3 0 2 2
1 3 0 1
4 1 1 1
14 2 0 0
1 2 0 3
4 3 1 3
15 0 3 0
1 0 1 0
11 2 0 2
3 2 0 1
14 2 0 2
14 3 1 0
6 2 0 3
1 3 1 3
11 1 3 1
3 1 3 2
14 2 0 3
14 0 0 1
0 0 3 1
1 1 3 1
11 2 1 2
3 2 2 1
14 2 2 0
14 3 3 2
5 0 3 3
1 3 3 3
1 3 3 3
11 3 1 1
14 3 3 3
14 1 0 0
1 0 2 0
1 0 2 0
11 1 0 1
14 2 3 3
14 0 3 2
14 3 1 0
9 2 0 3
1 3 1 3
11 1 3 1
1 0 0 2
4 2 3 2
14 0 0 3
12 3 2 0
1 0 2 0
11 1 0 1
14 1 3 0
14 2 3 2
14 3 2 3
3 0 2 0
1 0 1 0
11 0 1 1
3 1 0 0
14 1 2 1
14 1 3 3
14 3 0 2
1 3 2 1
1 1 3 1
11 1 0 0
3 0 3 2
1 2 0 1
4 1 2 1
14 0 0 3
1 3 0 0
4 0 3 0
2 1 3 1
1 1 3 1
11 2 1 2
3 2 0 1
14 2 2 0
14 2 2 3
1 3 0 2
4 2 3 2
5 0 3 0
1 0 1 0
11 1 0 1
3 1 0 3
1 3 0 2
4 2 2 2
14 3 2 0
1 2 0 1
4 1 0 1
6 2 0 1
1 1 1 1
1 1 1 1
11 3 1 3
3 3 3 1
14 0 3 0
14 0 1 2
14 2 3 3
12 2 3 3
1 3 2 3
11 1 3 1
3 1 3 0
14 3 3 3
14 3 2 1
10 3 2 1
1 1 3 1
1 1 3 1
11 0 1 0
3 0 3 2
14 0 2 1
14 2 0 0
14 1 3 3
15 0 3 0
1 0 3 0
11 0 2 2
3 2 3 0
14 2 0 2
14 2 3 3
14 2 0 1
2 2 3 2
1 2 1 2
11 0 2 0
3 0 3 1
14 2 2 2
14 3 2 0
2 2 3 3
1 3 2 3
11 1 3 1
14 2 2 0
14 1 3 3
14 3 2 2
9 0 2 0
1 0 2 0
11 0 1 1
14 2 1 0
9 0 2 3
1 3 1 3
11 1 3 1
14 1 2 3
1 1 0 0
4 0 1 0
1 3 2 3
1 3 1 3
11 1 3 1
3 1 3 0
1 2 0 1
4 1 1 1
14 2 2 2
14 0 3 3
7 3 2 3
1 3 1 3
11 3 0 0
3 0 2 2
14 2 0 1
14 0 3 3
14 3 1 0
8 1 0 3
1 3 2 3
11 3 2 2
3 2 1 1
14 2 1 3
14 0 0 2
14 0 0 0
12 2 3 0
1 0 2 0
11 0 1 1
3 1 0 0
14 2 2 2
1 1 0 3
4 3 0 3
14 0 1 1
7 3 2 1
1 1 1 1
11 1 0 0
3 0 1 1
14 2 2 3
14 3 0 2
14 2 2 0
9 0 2 3
1 3 2 3
1 3 3 3
11 3 1 1
3 1 0 0
14 1 0 3
1 1 0 1
4 1 3 1
14 1 3 2
10 1 2 1
1 1 2 1
11 1 0 0
3 0 0 1
1 3 0 3
4 3 0 3
14 0 2 0
14 3 2 0
1 0 3 0
11 0 1 1
3 1 2 0
14 1 2 3
14 0 0 1
11 3 3 1
1 1 2 1
1 1 3 1
11 0 1 0
3 0 0 3
14 2 3 0
1 1 0 1
4 1 2 1
14 3 3 2
9 0 2 2
1 2 1 2
11 2 3 3
3 3 0 1
14 0 2 3
14 0 0 0
1 2 0 2
4 2 2 2
7 3 2 2
1 2 2 2
11 2 1 1
3 1 0 2
14 3 0 1
14 3 2 0
14 2 2 3
0 0 3 0
1 0 3 0
11 0 2 2
3 2 2 1
14 1 0 3
14 2 1 0
14 0 3 2
15 0 3 2
1 2 1 2
11 1 2 1
1 1 0 2
4 2 0 2
15 0 3 0
1 0 1 0
11 1 0 1
14 3 3 0
14 0 1 3
14 2 2 2
7 3 2 0
1 0 2 0
11 1 0 1
3 1 0 3
1 1 0 2
4 2 0 2
14 3 0 0
14 1 1 1
1 1 2 2
1 2 3 2
11 2 3 3
3 3 1 1
14 2 0 0
14 0 1 3
14 2 1 2
7 3 2 0
1 0 3 0
11 0 1 1
3 1 2 3
14 0 0 1
14 1 1 0
3 0 2 0
1 0 2 0
1 0 2 0
11 3 0 3
3 3 0 2
14 1 0 1
14 2 3 3
14 2 2 0
5 0 3 1
1 1 1 1
11 2 1 2
3 2 0 1
14 3 0 2
9 0 2 0
1 0 2 0
11 1 0 1
3 1 3 3
14 2 1 0
1 3 0 2
4 2 2 2
14 3 2 1
6 2 1 1
1 1 2 1
11 1 3 3
3 3 0 1
1 2 0 3
4 3 0 3
14 1 3 0
3 0 2 2
1 2 3 2
1 2 1 2
11 2 1 1
3 1 1 2
14 2 2 3
14 3 3 1
1 0 0 0
4 0 3 0
0 1 3 0
1 0 1 0
11 0 2 2
3 2 3 1
14 0 1 2
14 3 1 0
14 1 3 3
1 3 2 0
1 0 1 0
11 1 0 1
14 2 0 3
14 3 2 2
14 2 3 0
5 0 3 2
1 2 2 2
11 2 1 1
3 1 2 0
14 3 3 1
14 0 3 2
12 2 3 3
1 3 1 3
1 3 3 3
11 3 0 0
3 0 2 2
14 0 0 1
14 2 3 0
14 1 2 3
15 0 3 3
1 3 3 3
11 2 3 2
3 2 0 1
14 2 0 3
14 1 3 2
5 0 3 2
1 2 2 2
11 1 2 1
3 1 3 3
1 3 0 0
4 0 1 0
14 0 3 1
14 1 0 2
4 0 1 2
1 2 1 2
11 3 2 3
3 3 1 0
14 0 1 3
1 1 0 2
4 2 3 2
14 2 2 1
12 3 2 2
1 2 3 2
11 2 0 0
3 0 2 1
14 3 2 0
1 1 0 2
4 2 0 2
14 2 3 3
12 2 3 3
1 3 1 3
1 3 1 3
11 3 1 1
3 1 0 3
14 2 0 1
9 2 0 2
1 2 2 2
11 3 2 3
3 3 1 2
14 2 2 0
14 1 3 3
14 0 3 1
15 0 3 1
1 1 1 1
11 1 2 2
3 2 3 0
14 2 1 2
14 0 0 1
14 0 1 3
7 3 2 3
1 3 2 3
11 3 0 0
3 0 2 3
14 2 1 1
14 3 0 0
0 0 1 0
1 0 1 0
11 0 3 3
3 3 3 0
1 2 0 3
4 3 0 3
14 1 2 1
7 3 2 2
1 2 1 2
11 2 0 0
3 0 1 1
14 3 0 2
14 1 0 3
14 2 0 0
15 0 3 2
1 2 3 2
11 2 1 1
14 3 1 0
14 0 2 3
14 2 0 2
7 3 2 2
1 2 2 2
11 1 2 1
14 1 0 0
14 2 2 2
3 0 2 3
1 3 2 3
1 3 3 3
11 1 3 1
3 1 0 0
14 2 2 1
14 0 3 3
14 3 1 1
1 1 2 1
11 1 0 0
3 0 1 1
14 1 0 0
11 0 0 0
1 0 1 0
1 0 1 0
11 1 0 1
3 1 2 2
14 2 1 1
14 3 2 0
14 3 1 3
8 1 0 0
1 0 3 0
1 0 1 0
11 2 0 2
3 2 1 0
14 1 3 3
14 0 3 1
14 2 3 2
4 3 1 3
1 3 2 3
11 3 0 0
3 0 0 3
14 3 1 0
14 1 0 1
8 2 0 2
1 2 3 2
1 2 1 2
11 3 2 3
14 1 1 0
14 3 3 1
14 0 3 2
11 0 0 0
1 0 2 0
11 0 3 3
3 3 0 2
1 3 0 0
4 0 2 0
1 2 0 3
4 3 1 3
15 0 3 0
1 0 3 0
11 0 2 2
14 1 3 0
14 1 0 1
14 2 0 3
11 0 0 3
1 3 1 3
1 3 1 3
11 3 2 2
3 2 0 1
14 0 0 3
14 2 0 2
7 3 2 0
1 0 3 0
11 0 1 1
3 1 2 0
14 1 3 3
14 1 0 1
14 0 2 2
1 1 2 1
1 1 3 1
11 1 0 0
3 0 3 2
14 2 2 0
1 2 0 1
4 1 1 1
13 1 0 0
1 0 1 0
1 0 2 0
11 2 0 2
3 2 1 1
1 3 0 0
4 0 3 0
14 0 3 2
14 2 0 3
9 2 0 2
1 2 3 2
11 1 2 1
14 0 2 2
14 1 3 3
9 2 0 0
1 0 1 0
11 0 1 1
3 1 2 3
14 2 1 0
14 3 0 2
14 1 1 1
14 2 1 0
1 0 1 0
11 0 3 3
14 3 2 0
14 0 1 2
14 2 3 1
10 0 2 0
1 0 2 0
11 3 0 3
3 3 3 2
14 3 1 0
1 0 0 3
4 3 2 3
14 1 1 1
13 1 3 1
1 1 1 1
11 1 2 2
14 1 1 1
14 1 3 3
14 2 3 0
15 0 3 3
1 3 2 3
11 2 3 2
3 2 1 1
14 1 2 0
14 0 3 3
14 2 1 2
7 3 2 2
1 2 2 2
11 2 1 1
14 1 0 2
14 1 3 3
14 2 1 0
15 0 3 3
1 3 2 3
11 1 3 1
14 1 2 3
1 2 0 0
4 0 1 0
14 2 0 2
3 0 2 3
1 3 3 3
11 3 1 1
14 2 3 3
14 2 3 0
5 0 3 3
1 3 1 3
1 3 2 3
11 1 3 1
3 1 3 3
14 1 2 0
1 3 0 1
4 1 1 1
14 3 1 2
1 0 2 0
1 0 2 0
11 0 3 3
14 2 0 2
1 1 0 0
4 0 1 0
14 3 0 1
4 0 1 1
1 1 1 1
1 1 2 1
11 1 3 3
3 3 3 0
14 0 3 3
14 3 0 1
7 3 2 1
1 1 2 1
1 1 2 1
11 0 1 0
3 0 2 1
14 1 3 2
14 2 1 0
14 1 1 3
13 3 0 2
1 2 3 2
11 2 1 1
3 1 1 3
14 2 2 2
14 2 2 1
14 1 3 0
3 0 2 1
1 1 2 1
11 3 1 3
3 3 2 0